Pos	Ref	Depth	Ins	InsD	Del	DelD	AF	AR	AD	TF	TR	TD	GF	GR	GD	CF	CR	CD	MatF	MatR	MatD	N	ND
541	A	3090	0	0.0	127	0.041	0	0	0.0	0	35	0.011	237	2665	0.939	0	1	0.0	3	22	0.008	0	0.0
544	A	3627	3	0.001	5	0.001	0	0	0.0	0	0	0.0	229	3365	0.991	0	0	0.0	5	20	0.007	0	0.0
571	A	4846	1	0.0	3	0.001	0	0	0.0	0	0	0.0	846	3974	0.995	0	0	0.0	16	6	0.005	0	0.0
615	G	4843	8	0.002	28	0.006	888	3885	0.986	0	3	0.001	0	0	0.0	1	5	0.001	12	13	0.005	0	0.0
622	C	5517	4	0.001	65	0.012	0	1	0.0	1437	3855	0.959	2	8	0.002	0	0	0.0	11	134	0.026	0	0.0
649	A	6511	3	0.0	12	0.002	0	0	0.0	1	0	0.0	1892	4562	0.991	3	0	0.0	28	10	0.006	0	0.0
655	T	5709	0	0.0	269	0.047	0	0	0.0	0	0	0.0	0	1	0.0	2138	3276	0.948	7	18	0.004	0	0.0
661	A	6517	1	0.0	1	0.0	0	0	0.0	0	1	0.0	2263	4236	0.997	1	1	0.0	9	4	0.002	0	0.0
913	A	8622	0	0.0	13	0.002	0	0	0.0	0	0	0.0	4335	4235	0.994	0	0	0.0	32	7	0.005	0	0.0
1012	G	9386	2	0.0	36	0.004	5061	4230	0.99	0	0	0.0	0	0	0.0	6	0	0.001	14	37	0.005	0	0.0
1036	G	9178	6	0.001	77	0.008	4564	4478	0.985	0	0	0.0	0	0	0.0	2	1	0.0	31	19	0.005	0	0.0
1038	T	8778	0	0.0	86	0.01	0	3	0.0	0	0	0.0	0	0	0.0	4593	4054	0.985	20	22	0.005	0	0.0
1039	T	8323	3	0.0	87	0.01	1	0	0.0	0	0	0.0	15	1	0.002	4131	4051	0.983	10	24	0.004	0	0.0
1040	A	7984	8	0.001	88	0.011	0	0	0.0	0	0	0.0	3764	4079	0.982	5	0	0.001	30	10	0.005	0	0.0
1051	T	10791	0	0.0	8	0.001	0	0	0.0	0	0	0.0	1	2	0.0	5891	4834	0.994	17	38	0.005	0	0.0
1060	G	7396	4	0.001	34	0.005	4796	2493	0.986	1	1	0.0	0	0	0.0	6	27	0.004	23	11	0.005	0	0.0
1062	G	6414	0	0.0	70	0.011	4459	1799	0.976	0	0	0.0	0	0	0.0	11	6	0.003	61	8	0.011	0	0.0
1111	T	9691	0	0.0	245	0.025	1	1	0.0	0	0	0.0	0	0	0.0	5099	4295	0.969	25	25	0.005	0	0.0
1219	A	9973	4	0.0	161	0.016	0	0	0.0	1	0	0.0	5595	4181	0.98	1	2	0.0	23	5	0.003	0	0.0
1339	G	8247	1	0.0	23	0.003	4077	3935	0.972	3	2	0.001	0	0	0.0	4	0	0.0	107	95	0.024	0	0.0
1467	G	9472	1	0.0	14	0.001	4963	4450	0.994	2	1	0.0	0	0	0.0	1	0	0.0	29	11	0.004	0	0.0
1552	G	9370	6	0.001	85	0.009	5124	4100	0.984	0	7	0.001	0	0	0.0	1	2	0.0	34	11	0.005	0	0.0
1657	A	7241	1	0.0	93	0.013	0	0	0.0	0	0	0.0	4239	2843	0.978	4	0	0.001	47	14	0.008	0	0.0
1663	A	8388	4	0.0	7	0.001	0	0	0.0	3	0	0.0	4479	3845	0.992	3	1	0.0	32	14	0.005	0	0.0
1732	G	9902	1	0.0	5	0.001	4512	5351	0.996	0	0	0.0	0	0	0.0	1	0	0.0	17	15	0.003	0	0.0
1783	G	8906	1	0.0	37	0.004	0	0	0.0	3	17	0.002	0	0	0.0	4516	4295	0.989	2	35	0.004	0	0.0
1867	G	6432	2	0.0	44	0.007	1606	4721	0.984	1	0	0.0	0	0	0.0	0	2	0.0	5	51	0.009	0	0.0
1873	G	8206	9	0.001	8	0.001	3124	4914	0.98	0	0	0.0	0	0	0.0	0	0	0.0	53	98	0.018	0	0.0
1894	A	8002	0	0.0	10	0.001	0	0	0.0	1	0	0.0	3723	4233	0.994	2	0	0.0	23	10	0.004	0	0.0
2002	G	9743	1	0.0	3	0.0	4344	5367	0.997	0	0	0.0	0	0	0.0	1	0	0.0	17	10	0.003	0	0.0
2422	A	9486	6	0.001	431	0.045	0	0	0.0	1	0	0.0	4391	4621	0.95	0	0	0.0	22	14	0.004	0	0.0
2635	G	8692	10	0.001	230	0.026	3793	4537	0.958	2	0	0.0	0	0	0.0	24	1	0.003	20	75	0.011	0	0.0
2668	A	7095	4	0.001	13	0.002	0	0	0.0	1	0	0.0	3866	3184	0.994	1	2	0.0	20	4	0.003	0	0.0
2677	A	7401	0	0.0	107	0.014	0	0	0.0	0	0	0.0	3032	4207	0.978	0	1	0.0	21	33	0.007	0	0.0
2689	G	8884	43	0.005	2	0.0	4362	4426	0.989	3	0	0.0	0	0	0.0	1	1	0.0	28	18	0.005	0	0.0
2710	C	5855	2	0.0	10	0.002	2	0	0.0	3803	1943	0.981	0	0	0.0	0	0	0.0	72	23	0.016	0	0.0
2734	C	5386	54	0.01	2	0.0	3	0	0.001	3376	1664	0.936	0	1	0.0	0	0	0.0	251	35	0.053	0	0.0
2740	C	6562	0	0.0	40	0.006	1	0	0.0	4153	2329	0.988	0	0	0.0	0	0	0.0	23	16	0.006	0	0.0
2782	C	6736	1	0.0	17	0.003	0	0	0.0	4016	2660	0.991	1	1	0.0	0	0	0.0	34	6	0.006	0	0.0
2838	G	6036	1	0.0	12	0.002	4155	1801	0.987	2	0	0.0	0	0	0.0	1	0	0.0	31	33	0.011	0	0.0
2842	T	5880	4	0.001	27	0.005	0	0	0.0	0	0	0.0	0	0	0.0	4174	1653	0.991	14	8	0.004	0	0.0
2851	C	4855	17	0.004	8	0.002	2	1	0.001	3322	1455	0.984	1	0	0.0	0	0	0.0	15	34	0.01	0	0.0
2887	A	4190	1	0.0	52	0.012	0	0	0.0	0	0	0.0	3379	721	0.979	10	0	0.002	18	9	0.006	0	0.0
2971	G	703	0	0.0	7	0.01	649	41	0.982	0	0	0.0	0	0	0.0	2	0	0.003	3	1	0.006	0	0.0
